1	0		22.620119999
2	22.62011999	45.24023000
3	45.24023000	67.86034999
4	67.86034999	90.48095999
5	90.48095999	113.10107
6	113.10107	135.72119
7	135.72119	158.34131
8	158.34131	180.96143
9	180.96143	203.58203
10	203.58203	226.20215
11	226.20215	248.82227
12	248.82227	271.44238
13	271.44238	294.0625
14	294.0625	316.68262
15	316.68262	339.30273
16	339.30273	361.92334
17	361.92334	384.54346
18	384.54346	407.16357
19	407.16357	429.78369
20	429.78369	452.40381
21	452.40381	475.02393
22	475.02393	497.64453
23	497.64453	520.26465
24	520.26465	542.88477
25	542.88477	565.50488
26	565.50488	588.125
27	588.125		610.74512
28	610.74512	633.36572
29	633.36572	655.98584
30	655.98584	678.60596
31	678.60596	701.22607
32	701.22607	723.84619
33	723.84619	746.4668
34	746.4668	769.08691
35	769.08691	791.70703
36	791.70703	814.32715
37	814.32715	836.94727
38	836.94727	859.56738
39	859.56738	882.18799
40	882.18799	904.80811
41	904.80811	927.42822
42	927.42822	950.04834
43	950.04834	972.66846
44	972.66846	995.28857
45	995.28857	1017.90869
46	1017.90869	1040.5293
47	1040.5293	1063.14941
48	1063.14941	1085.76953
49	1085.76953	1108.38965
50	1108.38965	1131.00977
51	1131.00977	1153.62988
52	1153.62988	1176.25049
53	1176.25049	1198.87061
54	1198.87061	1221.49072
55	1221.49072	1221.49072
56	1221.49072	1264.10352
57	1264.10352	1306.71582
58	1306.71582	1349.32861
59	1349.32861	1391.94092
60	1391.94092	1434.55371
61	1434.55371	1477.16602
62	1477.16602	1519.77881
63	1519.77881	1562.3916
64	1562.3916	1605.00391
65	1605.00391	1647.6167
66	1647.6167	1690.229
67	1690.229	1732.8418
68	1732.8418	1775.4541
69	1775.4541	1818.06689
70	1818.06689	1860.67969
71	1860.67969	1903.29199
72	1903.29199	1945.90479
73	1945.90479	1988.51758
74	1988.51758	2031.12988
75	2031.12988	2073.74219
76	2073.74219	2116.35498
77	2116.35498	2158.96777
78	2158.96777	2201.58008
79	2201.58008	2244.19287
80	2244.19287	2286.80542
81	2286.80542	2329.41797
82	2329.41797	2372.03052
83	2372.03052	2414.64307
84	2414.64307	2457.25562
85	2457.25562	2499.86816
86	2499.86816	2542.48096
87	2542.48096	2585.09351
88	2585.09351	2627.70605
89	2627.70605	2670.31885
90	2670.31885	2712.93115
91	2712.93115	2755.54395
92	2755.54395	2798.15649
93	2798.15649	2840.76904
94	2840.76904	2883.38159
95	2883.38159	2925.99414
96	2925.99414	2968.60693
97	2968.60693	3011.21924
98	3011.21924	3053.83203
99	3053.83203	3096.44434
100	3096.44434	3139.05737
101	3139.05737	3181.66968
102	3181.66968	3224.28223
103	3224.28223	3266.89478
104	3266.89478	3309.50757
105	3309.50757	3352.12012
106	3352.12012	3394.73291
107	3394.73291	3437.34521
108	3437.34521	3479.95776
109	3479.95776	3479.95776
110	3479.95776	3517.46826
111	3517.46826	3554.979
112	3554.979	3592.4895
113	3592.4895	3630
114	3630		3630
115	3630		3662.83325
116	3662.83325	3695.66675
117	3695.66675	3728.5
118	3728.5		3761.33301
119	3761.33301	3794.16675
120	3794.16675	3826.99976
121	3826.99976	3859.8335
122	3859.8335	3892.6665
123	3892.6665	3925.50024
124	3925.50024	3958.33325
125	3958.33325	3991.16699
126	3991.16699	4024
127	4024		4056.83325
128	4056.83325	4089.66675
129	4089.66675	4122.5
130	4122.5		4155.3335
131	4155.3335	4188.1665
132	4188.1665	4221
133	4221		4253.8335
134	4253.8335	4286.6665
135	4286.6665	4319.5
136	4319.5		4352.3335
137	4352.3335	4385.1665
138	4385.1665	4418
139	4418		4450.8335
140	4450.8335	4483.6665
141	4483.6665	4516.5
142	4516.5		4549.3335
143	4549.3335	4582.1665
144	4582.1665	4615
145	4615		4647.8335
146	4647.8335	4680.6665
147	4680.6665	4713.5
148	4713.5		4746.33301
149	4746.33301	4779.1665
150	4779.1665	4812
151	4812		4844.83301
152	4844.83301	4877.6665
153	4877.6665	4910.5
154	4910.5		4943.33301
155	4943.33301	4976.1665
156	4976.1665	5009
157	5009		5041.83301
158	5041.83301	5074.6665
159	5074.6665	5107.5
160	5107.5		5140.33301
161	5140.33301	5173.1665
162	5173.1665	5206
163	5206		5238.83301
164	5238.83301	5271.6665
165	5271.6665	5304.5
166	5304.5		5337.33301
167	5337.33301	5370.1665
168	5370.1665	5403
169	5403		5435.833008
170	5435.833008	5468.666504
171	5468.666504	5501.5
172	5501.5		5534.333008
173	5534.333008	5567.166504
174	5567.166504	5600
175	5600		5600
176	5600		5625.25
177	5625.25		5650.5
178	5650.5		5675.75
179	5675.75		5701
180	5701		5701
181	5701		5724.333496
182	5724.333496	5747.666504
183	5747.666504	5771
184	5771		5771
185	5771		5796
186	5796		5821
187	5821		5846
188	5846		5871
189	5871		5896
190	5896		5921
191	5921		5946
192	5946		5971
193	5971		5971
194	5971		5993.5
195	5993.5		6016
196	6016		6038.5
197	6038.5		6061
198	6061		6083.5
199	6083.5		6106
200	6106		6128.5
201	6128.5		6151
202	6151		6151
203	6151		6174.333496
204	6174.333496	6197.666504
205	6197.666504	6221
206	6221		6244.333496
207	6244.333496	6267.666504
208	6267.666504	6291
209	6291		6291
210	6291		6309.5429688
211	6309.5429688	6328.0859375
212	6328.0859375	6346.6289062
213	6346.6289062	6346.6289062
214	6346.6289062	6351.3144531
215	6351.3144531	6356
216	6356		6356
217	6356		6362
218	6362		6368
219	6368		6368
220	6368		6369.5
221	6369.5		6371
222	6371		0
